# Stage1 Map1
1 1
4
0 1 980 100
1 1 980 200
2 1 980 300
3 1 980 400

# Stage1 Map2
1 2
4
0 1 980 100
1 1 980 200
2 1 980 300
3 1 980 400

# Stage1 Map3
1 3
1
0 1 980 200

# Stage2 Map1
2 1
4
0 3 980 100
1 3 980 200
2 3 980 300
3 3 980 400

# Stage2 Map2
2 2
4
0 3 980 100
1 3 980 200
2 3 980 300
3 3 980 400

# Stage3 Map1
3 1
1
5 5 980 200

# Stage4 Map1
4 1
1
5 7 980 200

# Stage5 Map1
5 1
1
5 10 980 200

# Stage6 Map1
6 1
1
5 13 980 200

# Stage7 Map1
7 1
1
5 15 980 200

# Stage8 Map1
8 1
1
5 17 980 200

# Stage8 Map1
8 1
1
5 20 980 200

# Stage9 Map1
9 1
1
5 25 980 200

# Stage10 Map1
10 1
1
5 30 980 200